7248329995
7255169363
1536185224
5115128116
5469718907
5849024580
6866830345
8545424351
6200632154
8585337794
6160548359
8408273620
7638579223
8324341617
8246846586
6293480725
7022741239
8613540632
8347459570
6314832381
7351727785
8239995748
8197763625
7106369747
1949278992
7824117822
7111375967
8175208171
1734459105
6126386336
6874434982
8506115908
7116123847
5475382373
5615955290
7653354858
7184613851
6942209292
6772284444
8485087705
7917647580
5526887319
8220833598
5578322465
6987705087
8519351911
8330394385
7623570932
2034037492
6128663511
6604490714
1452003731
6484060347
7667151059
7727503062
6848285834
6985955147
7200869453
6453403037
8209337620
7597097705
8349918160
5947323724
6232128634
7766851432
6496747164
7170004396
7222372425
7293409323
8480078325
7032175481
7275973874
8579530085
7970245430
6744761155
7170317961
8117531941
5874066324
8388626450
7440004065
8392115846
1654185171
8766851310
7582789417
8766258212
8126781181
6410674608
1087968824
2050678267
1578854897
6882986559
8334940183
6378966890
8231344985
5974063939
7854383421
7121778111
7560798537
8387948910
6719852482
7200176958
6426691549
5421166171
5142006280
6365326517
6089386592
6670736191
5150607044
7233318735
5000605248
6315411023
8417740709
6797775596
6426591572
7805357908
5550563771
1640990843
7891160641
2084180257
6321172914
5652818484
6707606572
1759283731
7293282365
5341122016
7284087827
6533339519
6307350832
5653955194
7117845803
5831663072
7205418664
7662010716
8032362859
6686187351
7248190949
1773441866
1831026713
7952263943
6622820239
5973339063
5128810258
7378048389
8549400347
6387147772
1251845653
5579292213
7533495029
7848219242
7006091197
5881130510
7571032525
8442438393
7626128350
7952006073
7597948376
7654879189
6747994057
6844672886
6987554835
7274661902
5812369992
7352601144
6665309203
7467105669
6401129751
5883727280
8063868511
7444652743
5843217719
7376219576
6857896507
6408794869
8727843272
5844427550
5782853717
7577775912
7958568126
5525429691
5417077864
7091149880
7155159177
7312026308
6569997400
8385646891
7940076792
6153596018
6924711293
6216756007
8368547839
6665922898
8525119859
7579466723
1279800466
5080747903
6743085799
8521545154
6357065886
6668016879
8105866461
7153778583
6821650156
6009978215
7114345079
7137636400
8481170305
7273889221
7563309568
7793733825
8509014271
1732916787
6700573568
6302565248
7002061738
7122000360
7219612454
5902220506
6988272500
6725406693
7053200553
6805800129
7747291035
7455348280
7591072390
6314176381
8353107075
8293919272
6348453080
6929022641
6225537061
6959720272
7867926797
7079787599
6333518695
8192531874
6985065402
7323026821
7824628077
6954472282
1909640825
8052522165
6302487061
6733412594
8074690116
7474344945
5036246298
8135186920
7164557490
8251279933
7802112848
7087636520
6408202140
8224169206
2028390758
6144316412
8292491087
6012970034
6239636226
1785097725
7509532418
1975865215
6723498090
6625019627
6535185998
5826886615
6695945540
6616079518
6546182840
6666827294
5768769293
6357430641
6520974120
1954426014
5225500760
5367903745
5757303304
6635276631
6521855933
6310823107
6409628327
5808071620
6457913698
6670196261
6558528336
6252644826
6446313541
6564308689
6554668796
2110826512
5429505744
6661791981
5789282014
6472367670
6545325737
2107452611
2075409765
6438152373
1992092473
6331512460
6159042962
5268076207
5384738123
5908747904
1857465327
1612915242
6554324617
6341079459
6474931341
6660000009
6502767129
5217872772
6643423757
5023335822
6416459833
5290942104
6476119458
6600467753
6158109491
6370799593
2146939962
6161809336
5729077130
6424904248
6192513532
1835453726
6314459885
6608622440
6520275300
6216721822
6473883109
6379874587
6535248757
2088741869
5275876538
6338628819
6396157613
6617266302
5150838912
7578529473
6390721484
1669498655
1748752197
6399868556
6484630144
6631901368
6460088037
5055809700
8050212760
6493327836
6157255658
6405407821
5883160098
5021112977
6633102426
2119023117
1683637900
6482206924
6528169133
5384430693
6346476631
6401696188
5305620047
6571990544
6352695652
6583120964
6696625183
6537163027
6556862876
6668483509
2045601124
6582358582
6330378616
6018672983
6564299193
6463992465
6590103138
6213111789
6485263128
6540276653
5974076950
6438502397
6444797267
6402276264
6668462040
6493517017
6551569164
6645175761
6493116759
6505755639
6525720320
6104327261
5885800193
6511265202
6624835435
5914494279
5086654746
6590478481
6529230059
6626343741
6670917096
2071954484
5886229270
6322124963
6400316945
6504836146
6152239001
6176138162
6366579666
6387700707
6469830466
6306126513
5274728256
5279441530
7539338976
1288166169
8119065819
7625758075
5017126108
7729924581
5244137721
8339881349
7430266839
5404011037
7522824702
7049666791
6173498342
7873587454
7043370870
8001460786
7047983912
7503799425
5875541062
6989915009
7240563356
5044175576
8213523127
7303196101
5525308545
7240222229
6710336294
5743087478
1440041865
6499567536
7790480919
7520078341
7014403713
5661117210
1907874648
8314735984
6350605190
7417016935
5598045418
5919646603
8012892024
5604628233
5706286760
8204657920
7840832683
5914687701
6952404346
1737760541
1850228845
7105957025
7417024781
6980453134
8054249055
6632973735
6035304958
5119833792
5922743375
7009054116
8313189736
5767005744
7048934510
6262703683
7738057522
8566662501
6547667003
8013112124
7314910335
6387972360
5872123544
1737342426
5458648375
7070073400
8108038729
6720855497
8037760547
7762655507
8014208960
8342850194
6900997972
7052448694
6760084604
7438335281
5758636603
6803418947
5340761407
8324565014
7431616020
6576972165
1691569277
7984322135
7167185691
7931569715
5776679184
7003821995
8118483016
5319403100
822252960
6897705881
6132141434
7107528420
6030059624
8096423343
6528479606
6566884090
6417761209
8477366999
7822154374
7468395939
6432733509
7421590192
5930485276
7180190583
7476693228
5879336558
5545670838
6879653896
1931710748
7732837465
7544725151
7687947124
8163111225
6148876599
6206506293
8141286387
7823714445
7431059370
6127936219
2069023259
7418117568
6425863545
8581663903
1702911080
6843102510
6119434783
6269557438
6028015022
7816449872
8136227071
7565269418
8229983818
7458437754
5018701760
6611669648
7895735422
6463305783
6584008969
7440536357
6740302515
6898617878
5881338347
8192877133
6245500231
8586925570
1496701475
7470023253
8567328525
8507601574
6405815459
8342955457
7198437376
6074005048
7278395698
5621747418
6909200941
8637914746
6667548607
6554099285
7237525396
1764544263
8273121657
7701113557
7432899219
6019007627
1046902865
6928653611
7137201367
5105234517
8143266253
6857038001
7594211589
7577354157
8704588787
6433044248
6954978603
6563478634
6551480080
8624054759
8708282042
8081962246
8094075636
7936364702
1643653484
6294275702
8075993879
7218436283
7765167414
6576616815
7303668134
8718967404
7502340079
8582222235
7269903764
7147371094
6409875278
1769971557
7893777175
6038270244
7560304273
7547341774
5503745447
5881192153
6806669206
8247228423
5892607509
5116080955
8049379278
6840814679
1324635512
6520363706
8710912353
6952815629
8773443932
7265871011
7715243517
5955392480
7621695868
7510567154
5204652648
6630481889
7395293206
6939152733
6722592847
6350519366
8328910768
7619327132
8077428257
5518293616
7207194052
8331031333
8149240467
7181085504
6981670642
7386985953
511157951
7267242018
7982758010
5719526474
6144667964
5197977301
8371731565
